1.150950       2.835099      0.131178    2.977467 
1.300900       1.711120      0.090844    1.698265 
1.450850       1.121857      0.065488    1.095256 
1.600800       0.781533      0.048755    0.916449 
1.750750       0.553721      0.037270    0.542024 
1.900700       0.421804      0.029127    0.350282 
2.050650       0.321323      0.023193    0.374213 
2.200600       0.251969      0.018768    0.217813 
2.350550       0.202320      0.015400    0.222485 
2.500500       0.162045      0.012792    0.153454 
2.650450       0.135176      0.010742    0.141562 
2.800400       0.109031      0.009107    0.093265 
2.950350       0.092747      0.007788    0.065821 
3.100300       0.078940      0.006711    0.072872 
3.250250       0.067212      0.005825    0.085337 
3.400200       0.058152      0.005088    0.045304 
3.550150       0.052525      0.004470    0.071012 
3.700100       0.046813      0.003948    0.027059 
3.850050       0.041368      0.003505    0.044601 
4.000000       0.035666      0.003125    0.025573
